ID	TITLE
00001	PBEE 597R                                                                       
00002	PBEE 699R                                                                       
00003	PBEE 799R                                                                       
